(kicad_pcb (version 20171130) (host pcbnew "(5.1.2)-2")

  (general
    (thickness 0.8)
    (drawings 24)
    (tracks 735)
    (zones 0)
    (modules 15)
    (nets 54)
  )

  (page A4)
  (layers
    (0 F.Cu signal)
    (31 B.Cu signal)
    (32 B.Adhes user)
    (33 F.Adhes user)
    (34 B.Paste user)
    (35 F.Paste user)
    (36 B.SilkS user)
    (37 F.SilkS user)
    (38 B.Mask user)
    (39 F.Mask user)
    (40 Dwgs.User user)
    (41 Cmts.User user)
    (42 Eco1.User user)
    (43 Eco2.User user)
    (44 Edge.Cuts user)
    (45 Margin user)
    (46 B.CrtYd user)
    (47 F.CrtYd user)
    (48 B.Fab user)
    (49 F.Fab user)
  )

  (setup
    (last_trace_width 0.25)
    (trace_clearance 0.2)
    (zone_clearance 0.508)
    (zone_45_only no)
    (trace_min 0.2)
    (via_size 0.8)
    (via_drill 0.4)
    (via_min_size 0.4)
    (via_min_drill 0.3)
    (uvia_size 0.3)
    (uvia_drill 0.1)
    (uvias_allowed no)
    (uvia_min_size 0.2)
    (uvia_min_drill 0.1)
    (edge_width 0.2)
    (segment_width 0.2)
    (pcb_text_width 0.3)
    (pcb_text_size 1.5 1.5)
    (mod_edge_width 0.15)
    (mod_text_size 1 1)
    (mod_text_width 0.15)
    (pad_size 1.524 1.524)
    (pad_drill 0.762)
    (pad_to_mask_clearance 0.0508)
    (solder_mask_min_width 0.25)
    (aux_axis_origin 0 0)
    (visible_elements 7FFFFFFF)
    (pcbplotparams
      (layerselection 0x3ffff_ffffffff)
      (usegerberextensions false)
      (usegerberattributes false)
      (usegerberadvancedattributes false)
      (creategerberjobfile false)
      (excludeedgelayer true)
      (linewidth 0.100000)
      (plotframeref false)
      (viasonmask false)
      (mode 1)
      (useauxorigin false)
      (hpglpennumber 1)
      (hpglpenspeed 20)
      (hpglpendiameter 15.000000)
      (psnegative false)
      (psa4output false)
      (plotreference true)
      (plotvalue true)
      (plotinvisibletext false)
      (padsonsilk false)
      (subtractmaskfromsilk false)
      (outputformat 1)
      (mirror false)
      (drillshape 0)
      (scaleselection 1)
      (outputdirectory "D:/OneDrive/Dokumenter/GitHub/NintendoPCBs/Gerbers/"))
  )

  (net 0 "")
  (net 1 GND)
  (net 2 "Net-(U0-Pad5)")
  (net 3 "Net-(U0-Pad31)")
  (net 4 "Net-(Batt_CR2025-Pad1)")
  (net 5 "Net-(C1-Pad1)")
  (net 6 +5V)
  (net 7 Vout)
  (net 8 "Net-(C4-Pad1)")
  (net 9 WR)
  (net 10 Batt)
  (net 11 XOUT)
  (net 12 RESET)
  (net 13 D7)
  (net 14 D6)
  (net 15 D5)
  (net 16 D4)
  (net 17 D3)
  (net 18 D2)
  (net 19 D1)
  (net 20 D0)
  (net 21 A15)
  (net 22 A14)
  (net 23 A13)
  (net 24 A12)
  (net 25 A11)
  (net 26 A10)
  (net 27 A9)
  (net 28 A8)
  (net 29 A7)
  (net 30 A6)
  (net 31 A5)
  (net 32 A4)
  (net 33 A3)
  (net 34 A2)
  (net 35 A1)
  (net 36 A0)
  (net 37 \RD)
  (net 38 CLK)
  (net 39 RA19)
  (net 40 RA16)
  (net 41 RA15)
  (net 42 RA14)
  (net 43 RA17)
  (net 44 RA18)
  (net 45 BattCS)
  (net 46 "Net-(U2-Pad18)")
  (net 47 XIN)
  (net 48 "Net-(U2-Pad21)")
  (net 49 AA14)
  (net 50 AA13)
  (net 51 RAMCS)
  (net 52 "Net-(U4-Pad5)")
  (net 53 "Net-(U4-Pad7)")

  (net_class Default "This is the default net class."
    (clearance 0.2)
    (trace_width 0.25)
    (via_dia 0.8)
    (via_drill 0.4)
    (uvia_dia 0.3)
    (uvia_drill 0.1)
    (add_net +5V)
    (add_net A0)
    (add_net A1)
    (add_net A10)
    (add_net A11)
    (add_net A12)
    (add_net A13)
    (add_net A14)
    (add_net A15)
    (add_net A2)
    (add_net A3)
    (add_net A4)
    (add_net A5)
    (add_net A6)
    (add_net A7)
    (add_net A8)
    (add_net A9)
    (add_net AA13)
    (add_net AA14)
    (add_net Batt)
    (add_net BattCS)
    (add_net CLK)
    (add_net D0)
    (add_net D1)
    (add_net D2)
    (add_net D3)
    (add_net D4)
    (add_net D5)
    (add_net D6)
    (add_net D7)
    (add_net GND)
    (add_net "Net-(Batt_CR2025-Pad1)")
    (add_net "Net-(C1-Pad1)")
    (add_net "Net-(C4-Pad1)")
    (add_net "Net-(U0-Pad31)")
    (add_net "Net-(U0-Pad5)")
    (add_net "Net-(U2-Pad18)")
    (add_net "Net-(U2-Pad21)")
    (add_net "Net-(U4-Pad5)")
    (add_net "Net-(U4-Pad7)")
    (add_net RA14)
    (add_net RA15)
    (add_net RA16)
    (add_net RA17)
    (add_net RA18)
    (add_net RA19)
    (add_net RAMCS)
    (add_net RESET)
    (add_net Vout)
    (add_net WR)
    (add_net XIN)
    (add_net XOUT)
    (add_net \RD)
  )

  (module NintendoFootprints:CartBus (layer F.Cu) (tedit 5BCB465C) (tstamp 5DA4F6FA)
    (at 118.46 123.42)
    (descr "Connector Pads for Gameboy Cartridges")
    (path /5DA489C7)
    (fp_text reference U0 (at 23.12 -2.565) (layer F.SilkS) hide
      (effects (font (size 1.27 1.27) (thickness 0.15)))
    )
    (fp_text value CartBus (at 24.49 -7.525) (layer F.SilkS) hide
      (effects (font (size 1.27 1.27) (thickness 0.15)))
    )
    (pad 1 smd rect (at 0.7 3 180) (size 1.4 6) (layers F.Cu F.Paste F.Mask)
      (net 6 +5V) (solder_mask_margin 0.0508))
    (pad 2 smd rect (at 2.4 3) (size 1 6) (layers F.Cu F.Paste F.Mask)
      (net 38 CLK) (solder_mask_margin 0.0508))
    (pad 4 smd rect (at 5.4 3 180) (size 1 6) (layers F.Cu F.Paste F.Mask)
      (net 37 \RD) (solder_mask_margin 0.0508))
    (pad 5 smd rect (at 6.9 3) (size 1 6) (layers F.Cu F.Paste F.Mask)
      (net 2 "Net-(U0-Pad5)") (solder_mask_margin 0.0508))
    (pad 6 smd rect (at 8.4 3) (size 1 6) (layers F.Cu F.Paste F.Mask)
      (net 36 A0) (solder_mask_margin 0.0508))
    (pad 7 smd rect (at 9.9 3) (size 1 6) (layers F.Cu F.Paste F.Mask)
      (net 35 A1) (solder_mask_margin 0.0508))
    (pad 8 smd rect (at 11.4 3) (size 1 6) (layers F.Cu F.Paste F.Mask)
      (net 34 A2) (solder_mask_margin 0.0508))
    (pad 9 smd rect (at 12.9 3) (size 1 6) (layers F.Cu F.Paste F.Mask)
      (net 33 A3) (solder_mask_margin 0.0508))
    (pad 10 smd rect (at 14.4 3) (size 1 6) (layers F.Cu F.Paste F.Mask)
      (net 32 A4) (solder_mask_margin 0.0508))
    (pad 11 smd rect (at 15.9 3) (size 1 6) (layers F.Cu F.Paste F.Mask)
      (net 31 A5) (solder_mask_margin 0.0508))
    (pad 12 smd rect (at 17.4 3) (size 1 6) (layers F.Cu F.Paste F.Mask)
      (net 30 A6) (solder_mask_margin 0.0508))
    (pad 13 smd rect (at 18.9 3) (size 1 6) (layers F.Cu F.Paste F.Mask)
      (net 29 A7) (solder_mask_margin 0.0508))
    (pad 14 smd rect (at 20.4 3) (size 1 6) (layers F.Cu F.Paste F.Mask)
      (net 28 A8) (solder_mask_margin 0.0508))
    (pad 15 smd rect (at 21.9 3) (size 1 6) (layers F.Cu F.Paste F.Mask)
      (net 27 A9) (solder_mask_margin 0.0508))
    (pad 16 smd rect (at 23.4 3) (size 1 6) (layers F.Cu F.Paste F.Mask)
      (net 26 A10) (solder_mask_margin 0.0508))
    (pad 17 smd rect (at 24.9 3) (size 1 6) (layers F.Cu F.Paste F.Mask)
      (net 25 A11) (solder_mask_margin 0.0508))
    (pad 18 smd rect (at 26.4 3) (size 1 6) (layers F.Cu F.Paste F.Mask)
      (net 24 A12) (solder_mask_margin 0.0508))
    (pad 19 smd rect (at 27.9 3) (size 1 6) (layers F.Cu F.Paste F.Mask)
      (net 23 A13) (solder_mask_margin 0.0508))
    (pad 20 smd rect (at 29.4 3) (size 1 6) (layers F.Cu F.Paste F.Mask)
      (net 22 A14) (solder_mask_margin 0.0508))
    (pad 21 smd rect (at 30.9 3) (size 1 6) (layers F.Cu F.Paste F.Mask)
      (net 21 A15) (solder_mask_margin 0.0508))
    (pad 3 smd rect (at 3.9 3 180) (size 1 6) (layers F.Cu F.Paste F.Mask)
      (net 9 WR) (solder_mask_margin 0.0508))
    (pad 22 smd rect (at 32.4 3) (size 1 6) (layers F.Cu F.Paste F.Mask)
      (net 20 D0) (solder_mask_margin 0.0508))
    (pad 23 smd rect (at 33.9 3) (size 1 6) (layers F.Cu F.Paste F.Mask)
      (net 19 D1) (solder_mask_margin 0.0508))
    (pad 24 smd rect (at 35.4 3) (size 1 6) (layers F.Cu F.Paste F.Mask)
      (net 18 D2) (solder_mask_margin 0.0508))
    (pad 25 smd rect (at 36.9 3) (size 1 6) (layers F.Cu F.Paste F.Mask)
      (net 17 D3) (solder_mask_margin 0.0508))
    (pad 26 smd rect (at 38.4 3) (size 1 6) (layers F.Cu F.Paste F.Mask)
      (net 16 D4) (solder_mask_margin 0.0508))
    (pad 27 smd rect (at 39.9 3) (size 1 6) (layers F.Cu F.Paste F.Mask)
      (net 15 D5) (solder_mask_margin 0.0508))
    (pad 28 smd rect (at 41.4 3) (size 1 6) (layers F.Cu F.Paste F.Mask)
      (net 14 D6) (solder_mask_margin 0.0508))
    (pad 29 smd rect (at 42.9 3) (size 1 6) (layers F.Cu F.Paste F.Mask)
      (net 13 D7) (solder_mask_margin 0.0508))
    (pad 30 smd rect (at 44.4 3) (size 1 6) (layers F.Cu F.Paste F.Mask)
      (net 12 RESET) (solder_mask_margin 0.0508))
    (pad 31 smd rect (at 45.9 3) (size 1 6) (layers F.Cu F.Paste F.Mask)
      (net 3 "Net-(U0-Pad31)") (solder_mask_margin 0.0508))
    (pad 32 smd rect (at 47.6 3 180) (size 1.4 6) (layers F.Cu F.Paste F.Mask)
      (net 1 GND) (solder_mask_margin 0.0508))
  )

  (module NintendoFootprints:Crystal (layer F.Cu) (tedit 5BCC782B) (tstamp 5DA4F7CC)
    (at 130.091 74.5846 90)
    (descr "SMD Resomator/Filter Murata CDSCB, http://cdn-reichelt.de/documents/datenblatt/B400/SFECV-107.pdf, hand-soldering, 4.5x2.0mm^2 package")
    (tags "SMD SMT ceramic resonator filter filter hand-soldering")
    (path /5DA4AD3E)
    (attr smd)
    (fp_text reference X1 (at 2.09804 -7.5565 180) (layer F.SilkS)
      (effects (font (size 1 1) (thickness 0.15)))
    )
    (fp_text value Crystal (at -0.01 2.915 90) (layer F.Fab)
      (effects (font (size 1 1) (thickness 0.15)))
    )
    (fp_text user %R (at 0 0 90) (layer F.Fab)
      (effects (font (size 1 1) (thickness 0.15)))
    )
    (pad 1 smd rect (at -1 0 90) (size 1 4.55) (layers F.Cu F.Paste F.Mask)
      (net 5 "Net-(C1-Pad1)"))
    (pad 2 smd rect (at 1 0 90) (size 1 4.55) (layers F.Cu F.Paste F.Mask)
      (net 47 XIN))
    (model ${KISYS3DMOD}/Crystals.3dshapes/Resonator_SMD_muRata_CDSCB-2pin_4.5x2.0mm_HandSoldering.wrl
      (at (xyz 0 0 0))
      (scale (xyz 1 1 1))
      (rotate (xyz 0 0 0))
    )
  )

  (module NintendoFootprints:GM76C256CLLFW70 (layer F.Cu) (tedit 5DA49FE5) (tstamp 5DA4F7AB)
    (at 128.12 110.693)
    (descr "SOIC, 28 Pin (https://www.akm.com/akm/en/file/datasheet/AK5394AVS.pdf#page=23), generated with kicad-footprint-generator ipc_gullwing_generator.py")
    (tags "SOIC SO")
    (path /5DA539A3)
    (attr smd)
    (fp_text reference U3 (at 3.72206 0.04064) (layer F.SilkS)
      (effects (font (size 1 1) (thickness 0.15)))
    )
    (fp_text value GM76C256CLLFW70 (at 4.55 10.3) (layer F.Fab)
      (effects (font (size 1 1) (thickness 0.15)))
    )
    (fp_text user %R (at 3.75 0) (layer F.Fab)
      (effects (font (size 1 1) (thickness 0.15)))
    )
    (fp_line (start 10.5 -9.6) (end -2.2 -9.6) (layer F.CrtYd) (width 0.05))
    (fp_line (start 10.5 9.6) (end 10.5 -9.6) (layer F.CrtYd) (width 0.05))
    (fp_line (start -2.2 9.6) (end 10.5 9.6) (layer F.CrtYd) (width 0.05))
    (fp_line (start -2.2 -9.6) (end -2.2 9.6) (layer F.CrtYd) (width 0.05))
    (fp_line (start 0 -8.35) (end 1 -9.35) (layer F.Fab) (width 0.1))
    (fp_line (start 0 9.35) (end 0 -8.35) (layer F.Fab) (width 0.1))
    (fp_line (start 8.3 9.35) (end 0 9.35) (layer F.Fab) (width 0.1))
    (fp_line (start 8.3 -9.35) (end 8.3 9.35) (layer F.Fab) (width 0.1))
    (fp_line (start 1 -9.35) (end 8.3 -9.35) (layer F.Fab) (width 0.1))
    (fp_line (start -0.11 -8.815) (end -1.95 -8.815) (layer F.SilkS) (width 0.12))
    (fp_line (start -0.11 -9.46) (end -0.11 -8.815) (layer F.SilkS) (width 0.12))
    (fp_line (start 3.75 -9.46) (end -0.11 -9.46) (layer F.SilkS) (width 0.12))
    (fp_line (start 8.41 -9.46) (end 8.41 -8.815) (layer F.SilkS) (width 0.12))
    (fp_line (start 3.75 -9.46) (end 8.41 -9.46) (layer F.SilkS) (width 0.12))
    (fp_line (start -0.11 9.46) (end -0.11 8.815) (layer F.SilkS) (width 0.12))
    (fp_line (start 3.75 9.46) (end -0.11 9.46) (layer F.SilkS) (width 0.12))
    (fp_line (start 8.41 9.46) (end 8.41 8.815) (layer F.SilkS) (width 0.12))
    (fp_line (start 3.75 9.46) (end 8.41 9.46) (layer F.SilkS) (width 0.12))
    (pad 28 smd roundrect (at 9.35 -8.255) (size 1.8 0.6) (layers F.Cu F.Paste F.Mask) (roundrect_rratio 0.25)
      (net 7 Vout))
    (pad 27 smd roundrect (at 9.35 -6.985) (size 1.8 0.6) (layers F.Cu F.Paste F.Mask) (roundrect_rratio 0.25)
      (net 9 WR))
    (pad 26 smd roundrect (at 9.35 -5.715) (size 1.8 0.6) (layers F.Cu F.Paste F.Mask) (roundrect_rratio 0.25)
      (net 50 AA13))
    (pad 25 smd roundrect (at 9.35 -4.445) (size 1.8 0.6) (layers F.Cu F.Paste F.Mask) (roundrect_rratio 0.25)
      (net 28 A8))
    (pad 24 smd roundrect (at 9.35 -3.175) (size 1.8 0.6) (layers F.Cu F.Paste F.Mask) (roundrect_rratio 0.25)
      (net 27 A9))
    (pad 23 smd roundrect (at 9.35 -1.905) (size 1.8 0.6) (layers F.Cu F.Paste F.Mask) (roundrect_rratio 0.25)
      (net 25 A11))
    (pad 22 smd roundrect (at 9.35 -0.635) (size 1.8 0.6) (layers F.Cu F.Paste F.Mask) (roundrect_rratio 0.25)
      (net 37 \RD))
    (pad 21 smd roundrect (at 9.35 0.635) (size 1.8 0.6) (layers F.Cu F.Paste F.Mask) (roundrect_rratio 0.25)
      (net 26 A10))
    (pad 20 smd roundrect (at 9.35 1.905) (size 1.8 0.6) (layers F.Cu F.Paste F.Mask) (roundrect_rratio 0.25)
      (net 51 RAMCS))
    (pad 19 smd roundrect (at 9.35 3.175) (size 1.8 0.6) (layers F.Cu F.Paste F.Mask) (roundrect_rratio 0.25)
      (net 13 D7))
    (pad 18 smd roundrect (at 9.35 4.445) (size 1.8 0.6) (layers F.Cu F.Paste F.Mask) (roundrect_rratio 0.25)
      (net 14 D6))
    (pad 17 smd roundrect (at 9.35 5.715) (size 1.8 0.6) (layers F.Cu F.Paste F.Mask) (roundrect_rratio 0.25)
      (net 15 D5))
    (pad 16 smd roundrect (at 9.35 6.985) (size 1.8 0.6) (layers F.Cu F.Paste F.Mask) (roundrect_rratio 0.25)
      (net 16 D4))
    (pad 15 smd roundrect (at 9.35 8.255) (size 1.8 0.6) (layers F.Cu F.Paste F.Mask) (roundrect_rratio 0.25)
      (net 17 D3))
    (pad 14 smd roundrect (at -1.05 8.255) (size 1.8 0.6) (layers F.Cu F.Paste F.Mask) (roundrect_rratio 0.25)
      (net 1 GND))
    (pad 13 smd roundrect (at -1.05 6.985) (size 1.8 0.6) (layers F.Cu F.Paste F.Mask) (roundrect_rratio 0.25)
      (net 18 D2))
    (pad 12 smd roundrect (at -1.05 5.715) (size 1.8 0.6) (layers F.Cu F.Paste F.Mask) (roundrect_rratio 0.25)
      (net 19 D1))
    (pad 11 smd roundrect (at -1.05 4.445) (size 1.8 0.6) (layers F.Cu F.Paste F.Mask) (roundrect_rratio 0.25)
      (net 20 D0))
    (pad 10 smd roundrect (at -1.05 3.175) (size 1.8 0.6) (layers F.Cu F.Paste F.Mask) (roundrect_rratio 0.25)
      (net 36 A0))
    (pad 9 smd roundrect (at -1.05 1.905) (size 1.8 0.6) (layers F.Cu F.Paste F.Mask) (roundrect_rratio 0.25)
      (net 35 A1))
    (pad 8 smd roundrect (at -1.05 0.635) (size 1.8 0.6) (layers F.Cu F.Paste F.Mask) (roundrect_rratio 0.25)
      (net 34 A2))
    (pad 7 smd roundrect (at -1.05 -0.635) (size 1.8 0.6) (layers F.Cu F.Paste F.Mask) (roundrect_rratio 0.25)
      (net 33 A3))
    (pad 6 smd roundrect (at -1.05 -1.905) (size 1.8 0.6) (layers F.Cu F.Paste F.Mask) (roundrect_rratio 0.25)
      (net 32 A4))
    (pad 5 smd roundrect (at -1.05 -3.175) (size 1.8 0.6) (layers F.Cu F.Paste F.Mask) (roundrect_rratio 0.25)
      (net 31 A5))
    (pad 4 smd roundrect (at -1.05 -4.445) (size 1.8 0.6) (layers F.Cu F.Paste F.Mask) (roundrect_rratio 0.25)
      (net 30 A6))
    (pad 3 smd roundrect (at -1.05 -5.715) (size 1.8 0.6) (layers F.Cu F.Paste F.Mask) (roundrect_rratio 0.25)
      (net 29 A7))
    (pad 2 smd roundrect (at -1.05 -6.985) (size 1.8 0.6) (layers F.Cu F.Paste F.Mask) (roundrect_rratio 0.25)
      (net 24 A12))
    (pad 1 smd roundrect (at -1.05 -8.255) (size 1.8 0.6) (layers F.Cu F.Paste F.Mask) (roundrect_rratio 0.25)
      (net 49 AA14))
    (model ${KISYS3DMOD}/Package_SO.3dshapes/SOIC-28W_7.5x18.7mm_P1.27mm.wrl
      (at (xyz 0 0 0))
      (scale (xyz 1 1 1))
      (rotate (xyz 0 0 0))
    )
  )

  (module NintendoFootprints:CR2025 (layer F.Cu) (tedit 5DA49DB7) (tstamp 5DA4F65F)
    (at 154.612 84.3788 315)
    (path /5DA6031C)
    (fp_text reference "Batt CR2025" (at -6.58612 -8.324697) (layer F.SilkS)
      (effects (font (size 1 1) (thickness 0.15)))
    )
    (fp_text value Battery_Cell (at -0.4191 -4.0005 315) (layer F.Fab)
      (effects (font (size 1 1) (thickness 0.15)))
    )
    (fp_text user + (at -9.042877 0.540371 315) (layer F.SilkS)
      (effects (font (size 2 2) (thickness 0.4)))
    )
    (fp_text user - (at 9.323542 0.156016 315) (layer F.SilkS)
      (effects (font (size 2 2) (thickness 0.5)))
    )
    (pad 2 smd rect (at 13.75 0 315) (size 5 4) (layers F.Cu F.Paste F.Mask)
      (net 1 GND))
    (pad 1 smd rect (at -13.04472 0.48673 315) (size 4 5) (layers F.Cu F.Paste F.Mask)
      (net 4 "Net-(Batt_CR2025-Pad1)"))
  )

  (module Capacitor_SMD:C_0603_1608Metric (layer F.Cu) (tedit 5B301BBE) (tstamp 5DA4F670)
    (at 122.382 79.9541)
    (descr "Capacitor SMD 0603 (1608 Metric), square (rectangular) end terminal, IPC_7351 nominal, (Body size source: http://www.tortai-tech.com/upload/download/2011102023233369053.pdf), generated with kicad-footprint-generator")
    (tags capacitor)
    (path /5DABCB3F)
    (attr smd)
    (fp_text reference C1 (at -3.02514 0) (layer F.SilkS)
      (effects (font (size 1 1) (thickness 0.15)))
    )
    (fp_text value NC (at 0 1.43) (layer F.Fab)
      (effects (font (size 1 1) (thickness 0.15)))
    )
    (fp_text user %R (at -0.055741 0.084639) (layer F.Fab)
      (effects (font (size 0.4 0.4) (thickness 0.06)))
    )
    (fp_line (start 1.48 0.73) (end -1.48 0.73) (layer F.CrtYd) (width 0.05))
    (fp_line (start 1.48 -0.73) (end 1.48 0.73) (layer F.CrtYd) (width 0.05))
    (fp_line (start -1.48 -0.73) (end 1.48 -0.73) (layer F.CrtYd) (width 0.05))
    (fp_line (start -1.48 0.73) (end -1.48 -0.73) (layer F.CrtYd) (width 0.05))
    (fp_line (start -0.162779 0.51) (end 0.162779 0.51) (layer F.SilkS) (width 0.12))
    (fp_line (start -0.162779 -0.51) (end 0.162779 -0.51) (layer F.SilkS) (width 0.12))
    (fp_line (start 0.8 0.4) (end -0.8 0.4) (layer F.Fab) (width 0.1))
    (fp_line (start 0.8 -0.4) (end 0.8 0.4) (layer F.Fab) (width 0.1))
    (fp_line (start -0.8 -0.4) (end 0.8 -0.4) (layer F.Fab) (width 0.1))
    (fp_line (start -0.8 0.4) (end -0.8 -0.4) (layer F.Fab) (width 0.1))
    (pad 2 smd roundrect (at 0.7875 0) (size 0.875 0.95) (layers F.Cu F.Paste F.Mask) (roundrect_rratio 0.25)
      (net 1 GND))
    (pad 1 smd roundrect (at -0.7875 0) (size 0.875 0.95) (layers F.Cu F.Paste F.Mask) (roundrect_rratio 0.25)
      (net 5 "Net-(C1-Pad1)"))
    (model ${KISYS3DMOD}/Capacitor_SMD.3dshapes/C_0603_1608Metric.wrl
      (at (xyz 0 0 0))
      (scale (xyz 1 1 1))
      (rotate (xyz 0 0 0))
    )
  )

  (module Capacitor_SMD:C_0603_1608Metric (layer F.Cu) (tedit 5B301BBE) (tstamp 5DA4F681)
    (at 164.732 102.085 270)
    (descr "Capacitor SMD 0603 (1608 Metric), square (rectangular) end terminal, IPC_7351 nominal, (Body size source: http://www.tortai-tech.com/upload/download/2011102023233369053.pdf), generated with kicad-footprint-generator")
    (tags capacitor)
    (path /5DA62734)
    (attr smd)
    (fp_text reference C2 (at 0 -1.43 90) (layer F.SilkS)
      (effects (font (size 1 1) (thickness 0.15)))
    )
    (fp_text value 0.1uF (at 0 1.43 90) (layer F.Fab)
      (effects (font (size 1 1) (thickness 0.15)))
    )
    (fp_line (start -0.8 0.4) (end -0.8 -0.4) (layer F.Fab) (width 0.1))
    (fp_line (start -0.8 -0.4) (end 0.8 -0.4) (layer F.Fab) (width 0.1))
    (fp_line (start 0.8 -0.4) (end 0.8 0.4) (layer F.Fab) (width 0.1))
    (fp_line (start 0.8 0.4) (end -0.8 0.4) (layer F.Fab) (width 0.1))
    (fp_line (start -0.162779 -0.51) (end 0.162779 -0.51) (layer F.SilkS) (width 0.12))
    (fp_line (start -0.162779 0.51) (end 0.162779 0.51) (layer F.SilkS) (width 0.12))
    (fp_line (start -1.48 0.73) (end -1.48 -0.73) (layer F.CrtYd) (width 0.05))
    (fp_line (start -1.48 -0.73) (end 1.48 -0.73) (layer F.CrtYd) (width 0.05))
    (fp_line (start 1.48 -0.73) (end 1.48 0.73) (layer F.CrtYd) (width 0.05))
    (fp_line (start 1.48 0.73) (end -1.48 0.73) (layer F.CrtYd) (width 0.05))
    (fp_text user %R (at 0 0 90) (layer F.Fab)
      (effects (font (size 0.4 0.4) (thickness 0.06)))
    )
    (pad 1 smd roundrect (at -0.7875 0 270) (size 0.875 0.95) (layers F.Cu F.Paste F.Mask) (roundrect_rratio 0.25)
      (net 6 +5V))
    (pad 2 smd roundrect (at 0.7875 0 270) (size 0.875 0.95) (layers F.Cu F.Paste F.Mask) (roundrect_rratio 0.25)
      (net 1 GND))
    (model ${KISYS3DMOD}/Capacitor_SMD.3dshapes/C_0603_1608Metric.wrl
      (at (xyz 0 0 0))
      (scale (xyz 1 1 1))
      (rotate (xyz 0 0 0))
    )
  )

  (module Capacitor_SMD:C_0603_1608Metric (layer F.Cu) (tedit 5B301BBE) (tstamp 5DA4F692)
    (at 122.042 88.5038 90)
    (descr "Capacitor SMD 0603 (1608 Metric), square (rectangular) end terminal, IPC_7351 nominal, (Body size source: http://www.tortai-tech.com/upload/download/2011102023233369053.pdf), generated with kicad-footprint-generator")
    (tags capacitor)
    (path /5DA6450D)
    (attr smd)
    (fp_text reference C3 (at 0 -1.43 90) (layer F.SilkS)
      (effects (font (size 1 1) (thickness 0.15)))
    )
    (fp_text value 0.1uF (at 0 1.43 90) (layer F.Fab)
      (effects (font (size 1 1) (thickness 0.15)))
    )
    (fp_line (start -0.8 0.4) (end -0.8 -0.4) (layer F.Fab) (width 0.1))
    (fp_line (start -0.8 -0.4) (end 0.8 -0.4) (layer F.Fab) (width 0.1))
    (fp_line (start 0.8 -0.4) (end 0.8 0.4) (layer F.Fab) (width 0.1))
    (fp_line (start 0.8 0.4) (end -0.8 0.4) (layer F.Fab) (width 0.1))
    (fp_line (start -0.162779 -0.51) (end 0.162779 -0.51) (layer F.SilkS) (width 0.12))
    (fp_line (start -0.162779 0.51) (end 0.162779 0.51) (layer F.SilkS) (width 0.12))
    (fp_line (start -1.48 0.73) (end -1.48 -0.73) (layer F.CrtYd) (width 0.05))
    (fp_line (start -1.48 -0.73) (end 1.48 -0.73) (layer F.CrtYd) (width 0.05))
    (fp_line (start 1.48 -0.73) (end 1.48 0.73) (layer F.CrtYd) (width 0.05))
    (fp_line (start 1.48 0.73) (end -1.48 0.73) (layer F.CrtYd) (width 0.05))
    (fp_text user %R (at 0 0 90) (layer F.Fab)
      (effects (font (size 0.4 0.4) (thickness 0.06)))
    )
    (pad 1 smd roundrect (at -0.7875 0 90) (size 0.875 0.95) (layers F.Cu F.Paste F.Mask) (roundrect_rratio 0.25)
      (net 7 Vout))
    (pad 2 smd roundrect (at 0.7875 0 90) (size 0.875 0.95) (layers F.Cu F.Paste F.Mask) (roundrect_rratio 0.25)
      (net 1 GND))
    (model ${KISYS3DMOD}/Capacitor_SMD.3dshapes/C_0603_1608Metric.wrl
      (at (xyz 0 0 0))
      (scale (xyz 1 1 1))
      (rotate (xyz 0 0 0))
    )
  )

  (module Capacitor_SMD:C_0603_1608Metric (layer F.Cu) (tedit 5B301BBE) (tstamp 5DA4F6A3)
    (at 141.994 101.643 270)
    (descr "Capacitor SMD 0603 (1608 Metric), square (rectangular) end terminal, IPC_7351 nominal, (Body size source: http://www.tortai-tech.com/upload/download/2011102023233369053.pdf), generated with kicad-footprint-generator")
    (tags capacitor)
    (path /5DA6FD4E)
    (attr smd)
    (fp_text reference C4 (at 0 -1.43 90) (layer F.SilkS)
      (effects (font (size 1 1) (thickness 0.15)))
    )
    (fp_text value 0.1uF (at 0 1.43 90) (layer F.Fab)
      (effects (font (size 1 1) (thickness 0.15)))
    )
    (fp_line (start -0.8 0.4) (end -0.8 -0.4) (layer F.Fab) (width 0.1))
    (fp_line (start -0.8 -0.4) (end 0.8 -0.4) (layer F.Fab) (width 0.1))
    (fp_line (start 0.8 -0.4) (end 0.8 0.4) (layer F.Fab) (width 0.1))
    (fp_line (start 0.8 0.4) (end -0.8 0.4) (layer F.Fab) (width 0.1))
    (fp_line (start -0.162779 -0.51) (end 0.162779 -0.51) (layer F.SilkS) (width 0.12))
    (fp_line (start -0.162779 0.51) (end 0.162779 0.51) (layer F.SilkS) (width 0.12))
    (fp_line (start -1.48 0.73) (end -1.48 -0.73) (layer F.CrtYd) (width 0.05))
    (fp_line (start -1.48 -0.73) (end 1.48 -0.73) (layer F.CrtYd) (width 0.05))
    (fp_line (start 1.48 -0.73) (end 1.48 0.73) (layer F.CrtYd) (width 0.05))
    (fp_line (start 1.48 0.73) (end -1.48 0.73) (layer F.CrtYd) (width 0.05))
    (fp_text user %R (at 0 0 90) (layer F.Fab)
      (effects (font (size 0.4 0.4) (thickness 0.06)))
    )
    (pad 1 smd roundrect (at -0.7875 0 270) (size 0.875 0.95) (layers F.Cu F.Paste F.Mask) (roundrect_rratio 0.25)
      (net 8 "Net-(C4-Pad1)"))
    (pad 2 smd roundrect (at 0.7875 0 270) (size 0.875 0.95) (layers F.Cu F.Paste F.Mask) (roundrect_rratio 0.25)
      (net 7 Vout))
    (model ${KISYS3DMOD}/Capacitor_SMD.3dshapes/C_0603_1608Metric.wrl
      (at (xyz 0 0 0))
      (scale (xyz 1 1 1))
      (rotate (xyz 0 0 0))
    )
  )

  (module Capacitor_SMD:C_0603_1608Metric (layer F.Cu) (tedit 5B301BBE) (tstamp 5DA4F6B4)
    (at 139.713 98.9305 180)
    (descr "Capacitor SMD 0603 (1608 Metric), square (rectangular) end terminal, IPC_7351 nominal, (Body size source: http://www.tortai-tech.com/upload/download/2011102023233369053.pdf), generated with kicad-footprint-generator")
    (tags capacitor)
    (path /5DA7087E)
    (attr smd)
    (fp_text reference C5 (at 0 -1.43) (layer F.SilkS)
      (effects (font (size 1 1) (thickness 0.15)))
    )
    (fp_text value C (at 0 1.43) (layer F.Fab)
      (effects (font (size 1 1) (thickness 0.15)))
    )
    (fp_text user %R (at 0 0) (layer F.Fab)
      (effects (font (size 0.4 0.4) (thickness 0.06)))
    )
    (fp_line (start 1.48 0.73) (end -1.48 0.73) (layer F.CrtYd) (width 0.05))
    (fp_line (start 1.48 -0.73) (end 1.48 0.73) (layer F.CrtYd) (width 0.05))
    (fp_line (start -1.48 -0.73) (end 1.48 -0.73) (layer F.CrtYd) (width 0.05))
    (fp_line (start -1.48 0.73) (end -1.48 -0.73) (layer F.CrtYd) (width 0.05))
    (fp_line (start -0.162779 0.51) (end 0.162779 0.51) (layer F.SilkS) (width 0.12))
    (fp_line (start -0.162779 -0.51) (end 0.162779 -0.51) (layer F.SilkS) (width 0.12))
    (fp_line (start 0.8 0.4) (end -0.8 0.4) (layer F.Fab) (width 0.1))
    (fp_line (start 0.8 -0.4) (end 0.8 0.4) (layer F.Fab) (width 0.1))
    (fp_line (start -0.8 -0.4) (end 0.8 -0.4) (layer F.Fab) (width 0.1))
    (fp_line (start -0.8 0.4) (end -0.8 -0.4) (layer F.Fab) (width 0.1))
    (pad 2 smd roundrect (at 0.7875 0 180) (size 0.875 0.95) (layers F.Cu F.Paste F.Mask) (roundrect_rratio 0.25)
      (net 9 WR))
    (pad 1 smd roundrect (at -0.7875 0 180) (size 0.875 0.95) (layers F.Cu F.Paste F.Mask) (roundrect_rratio 0.25)
      (net 8 "Net-(C4-Pad1)"))
    (model ${KISYS3DMOD}/Capacitor_SMD.3dshapes/C_0603_1608Metric.wrl
      (at (xyz 0 0 0))
      (scale (xyz 1 1 1))
      (rotate (xyz 0 0 0))
    )
  )

  (module Resistor_SMD:R_0603_1608Metric (layer F.Cu) (tedit 5B301BBD) (tstamp 5DA4F6C5)
    (at 142.542 81.8896 270)
    (descr "Resistor SMD 0603 (1608 Metric), square (rectangular) end terminal, IPC_7351 nominal, (Body size source: http://www.tortai-tech.com/upload/download/2011102023233369053.pdf), generated with kicad-footprint-generator")
    (tags resistor)
    (path /5DA612F9)
    (attr smd)
    (fp_text reference R1 (at 2.54254 -0.05334 180) (layer F.SilkS)
      (effects (font (size 1 1) (thickness 0.15)))
    )
    (fp_text value 1K (at 0 1.43 90) (layer F.Fab)
      (effects (font (size 1 1) (thickness 0.15)))
    )
    (fp_line (start -0.8 0.4) (end -0.8 -0.4) (layer F.Fab) (width 0.1))
    (fp_line (start -0.8 -0.4) (end 0.8 -0.4) (layer F.Fab) (width 0.1))
    (fp_line (start 0.8 -0.4) (end 0.8 0.4) (layer F.Fab) (width 0.1))
    (fp_line (start 0.8 0.4) (end -0.8 0.4) (layer F.Fab) (width 0.1))
    (fp_line (start -0.162779 -0.51) (end 0.162779 -0.51) (layer F.SilkS) (width 0.12))
    (fp_line (start -0.162779 0.51) (end 0.162779 0.51) (layer F.SilkS) (width 0.12))
    (fp_line (start -1.48 0.73) (end -1.48 -0.73) (layer F.CrtYd) (width 0.05))
    (fp_line (start -1.48 -0.73) (end 1.48 -0.73) (layer F.CrtYd) (width 0.05))
    (fp_line (start 1.48 -0.73) (end 1.48 0.73) (layer F.CrtYd) (width 0.05))
    (fp_line (start 1.48 0.73) (end -1.48 0.73) (layer F.CrtYd) (width 0.05))
    (fp_text user %R (at 0 0 90) (layer F.Fab)
      (effects (font (size 0.4 0.4) (thickness 0.06)))
    )
    (pad 1 smd roundrect (at -0.7875 0 270) (size 0.875 0.95) (layers F.Cu F.Paste F.Mask) (roundrect_rratio 0.25)
      (net 4 "Net-(Batt_CR2025-Pad1)"))
    (pad 2 smd roundrect (at 0.7875 0 270) (size 0.875 0.95) (layers F.Cu F.Paste F.Mask) (roundrect_rratio 0.25)
      (net 10 Batt))
    (model ${KISYS3DMOD}/Resistor_SMD.3dshapes/R_0603_1608Metric.wrl
      (at (xyz 0 0 0))
      (scale (xyz 1 1 1))
      (rotate (xyz 0 0 0))
    )
  )

  (module Resistor_SMD:R_0603_1608Metric (layer F.Cu) (tedit 5B301BBD) (tstamp 5DA4F6D6)
    (at 122.382 82.2452 180)
    (descr "Resistor SMD 0603 (1608 Metric), square (rectangular) end terminal, IPC_7351 nominal, (Body size source: http://www.tortai-tech.com/upload/download/2011102023233369053.pdf), generated with kicad-footprint-generator")
    (tags resistor)
    (path /5DACC924)
    (attr smd)
    (fp_text reference R2 (at 3.02514 0) (layer F.SilkS)
      (effects (font (size 1 1) (thickness 0.15)))
    )
    (fp_text value NC (at 0 1.43) (layer F.Fab)
      (effects (font (size 1 1) (thickness 0.15)))
    )
    (fp_line (start -0.8 0.4) (end -0.8 -0.4) (layer F.Fab) (width 0.1))
    (fp_line (start -0.8 -0.4) (end 0.8 -0.4) (layer F.Fab) (width 0.1))
    (fp_line (start 0.8 -0.4) (end 0.8 0.4) (layer F.Fab) (width 0.1))
    (fp_line (start 0.8 0.4) (end -0.8 0.4) (layer F.Fab) (width 0.1))
    (fp_line (start -0.162779 -0.51) (end 0.162779 -0.51) (layer F.SilkS) (width 0.12))
    (fp_line (start -0.162779 0.51) (end 0.162779 0.51) (layer F.SilkS) (width 0.12))
    (fp_line (start -1.48 0.73) (end -1.48 -0.73) (layer F.CrtYd) (width 0.05))
    (fp_line (start -1.48 -0.73) (end 1.48 -0.73) (layer F.CrtYd) (width 0.05))
    (fp_line (start 1.48 -0.73) (end 1.48 0.73) (layer F.CrtYd) (width 0.05))
    (fp_line (start 1.48 0.73) (end -1.48 0.73) (layer F.CrtYd) (width 0.05))
    (fp_text user %R (at 0 0) (layer F.Fab)
      (effects (font (size 0.4 0.4) (thickness 0.06)))
    )
    (pad 1 smd roundrect (at -0.7875 0 180) (size 0.875 0.95) (layers F.Cu F.Paste F.Mask) (roundrect_rratio 0.25)
      (net 11 XOUT))
    (pad 2 smd roundrect (at 0.7875 0 180) (size 0.875 0.95) (layers F.Cu F.Paste F.Mask) (roundrect_rratio 0.25)
      (net 5 "Net-(C1-Pad1)"))
    (model ${KISYS3DMOD}/Resistor_SMD.3dshapes/R_0603_1608Metric.wrl
      (at (xyz 0 0 0))
      (scale (xyz 1 1 1))
      (rotate (xyz 0 0 0))
    )
  )

  (module Package_SO:SSOP-32_11.305x20.495mm_P1.27mm (layer F.Cu) (tedit 5B9E9FB6) (tstamp 5DA4F72D)
    (at 154.628 109.365)
    (descr "SSOP, 32 Pin (http://www.issi.com/WW/pdf/61-64C5128AL.pdf), generated with kicad-footprint-generator ipc_gullwing_generator.py")
    (tags "SSOP SO")
    (path /5DA5D9A0)
    (attr smd)
    (fp_text reference U1 (at -0.06096 -0.08128) (layer F.SilkS)
      (effects (font (size 1 1) (thickness 0.15)))
    )
    (fp_text value LH538MNP (at 0 11.2) (layer F.Fab)
      (effects (font (size 1 1) (thickness 0.15)))
    )
    (fp_line (start 0 10.3575) (end 0 10.3575) (layer B.Fab) (width 0.12))
    (fp_line (start 0 10.3575) (end 5.6525 10.3575) (layer F.SilkS) (width 0.12))
    (fp_line (start 0 10.3575) (end -5.6525 10.3575) (layer F.SilkS) (width 0.12))
    (fp_line (start 0 -10.3575) (end 5.6525 -10.3575) (layer F.SilkS) (width 0.12))
    (fp_line (start 0 -10.3575) (end -7.575 -10.3575) (layer F.SilkS) (width 0.12))
    (fp_line (start -4.6525 -10.2475) (end 5.6525 -10.2475) (layer F.Fab) (width 0.1))
    (fp_line (start 5.6525 -10.2475) (end 5.6525 10.2475) (layer F.Fab) (width 0.1))
    (fp_line (start 5.6525 10.2475) (end -5.6525 10.2475) (layer F.Fab) (width 0.1))
    (fp_line (start -5.6525 10.2475) (end -5.6525 -9.2475) (layer F.Fab) (width 0.1))
    (fp_line (start -5.6525 -9.2475) (end -4.6525 -10.2475) (layer F.Fab) (width 0.1))
    (fp_line (start -7.83 -10.5) (end -7.83 10.5) (layer F.CrtYd) (width 0.05))
    (fp_line (start -7.83 10.5) (end 7.83 10.5) (layer F.CrtYd) (width 0.05))
    (fp_line (start 7.83 10.5) (end 7.83 -10.5) (layer F.CrtYd) (width 0.05))
    (fp_line (start 7.83 -10.5) (end -7.83 -10.5) (layer F.CrtYd) (width 0.05))
    (fp_text user %R (at 0 0) (layer F.Fab)
      (effects (font (size 1 1) (thickness 0.15)))
    )
    (pad 1 smd roundrect (at -6.55 -9.525) (size 2.05 0.6) (layers F.Cu F.Paste F.Mask) (roundrect_rratio 0.25)
      (net 39 RA19))
    (pad 2 smd roundrect (at -6.55 -8.255) (size 2.05 0.6) (layers F.Cu F.Paste F.Mask) (roundrect_rratio 0.25)
      (net 40 RA16))
    (pad 3 smd roundrect (at -6.55 -6.985) (size 2.05 0.6) (layers F.Cu F.Paste F.Mask) (roundrect_rratio 0.25)
      (net 41 RA15))
    (pad 4 smd roundrect (at -6.55 -5.715) (size 2.05 0.6) (layers F.Cu F.Paste F.Mask) (roundrect_rratio 0.25)
      (net 24 A12))
    (pad 5 smd roundrect (at -6.55 -4.445) (size 2.05 0.6) (layers F.Cu F.Paste F.Mask) (roundrect_rratio 0.25)
      (net 29 A7))
    (pad 6 smd roundrect (at -6.55 -3.175) (size 2.05 0.6) (layers F.Cu F.Paste F.Mask) (roundrect_rratio 0.25)
      (net 30 A6))
    (pad 7 smd roundrect (at -6.55 -1.905) (size 2.05 0.6) (layers F.Cu F.Paste F.Mask) (roundrect_rratio 0.25)
      (net 31 A5))
    (pad 8 smd roundrect (at -6.55 -0.635) (size 2.05 0.6) (layers F.Cu F.Paste F.Mask) (roundrect_rratio 0.25)
      (net 32 A4))
    (pad 9 smd roundrect (at -6.55 0.635) (size 2.05 0.6) (layers F.Cu F.Paste F.Mask) (roundrect_rratio 0.25)
      (net 33 A3))
    (pad 10 smd roundrect (at -6.55 1.905) (size 2.05 0.6) (layers F.Cu F.Paste F.Mask) (roundrect_rratio 0.25)
      (net 34 A2))
    (pad 11 smd roundrect (at -6.55 3.175) (size 2.05 0.6) (layers F.Cu F.Paste F.Mask) (roundrect_rratio 0.25)
      (net 35 A1))
    (pad 12 smd roundrect (at -6.55 4.445) (size 2.05 0.6) (layers F.Cu F.Paste F.Mask) (roundrect_rratio 0.25)
      (net 36 A0))
    (pad 13 smd roundrect (at -6.55 5.715) (size 2.05 0.6) (layers F.Cu F.Paste F.Mask) (roundrect_rratio 0.25)
      (net 20 D0))
    (pad 14 smd roundrect (at -6.55 6.985) (size 2.05 0.6) (layers F.Cu F.Paste F.Mask) (roundrect_rratio 0.25)
      (net 19 D1))
    (pad 15 smd roundrect (at -6.55 8.255) (size 2.05 0.6) (layers F.Cu F.Paste F.Mask) (roundrect_rratio 0.25)
      (net 18 D2))
    (pad 16 smd roundrect (at -6.55 9.525) (size 2.05 0.6) (layers F.Cu F.Paste F.Mask) (roundrect_rratio 0.25)
      (net 1 GND))
    (pad 17 smd roundrect (at 6.55 9.525) (size 2.05 0.6) (layers F.Cu F.Paste F.Mask) (roundrect_rratio 0.25)
      (net 17 D3))
    (pad 18 smd roundrect (at 6.55 8.255) (size 2.05 0.6) (layers F.Cu F.Paste F.Mask) (roundrect_rratio 0.25)
      (net 16 D4))
    (pad 19 smd roundrect (at 6.55 6.985) (size 2.05 0.6) (layers F.Cu F.Paste F.Mask) (roundrect_rratio 0.25)
      (net 15 D5))
    (pad 20 smd roundrect (at 6.55 5.715) (size 2.05 0.6) (layers F.Cu F.Paste F.Mask) (roundrect_rratio 0.25)
      (net 14 D6))
    (pad 21 smd roundrect (at 6.55 4.445) (size 2.05 0.6) (layers F.Cu F.Paste F.Mask) (roundrect_rratio 0.25)
      (net 13 D7))
    (pad 22 smd roundrect (at 6.55 3.175) (size 2.05 0.6) (layers F.Cu F.Paste F.Mask) (roundrect_rratio 0.25)
      (net 21 A15))
    (pad 23 smd roundrect (at 6.55 1.905) (size 2.05 0.6) (layers F.Cu F.Paste F.Mask) (roundrect_rratio 0.25)
      (net 26 A10))
    (pad 24 smd roundrect (at 6.55 0.635) (size 2.05 0.6) (layers F.Cu F.Paste F.Mask) (roundrect_rratio 0.25)
      (net 37 \RD))
    (pad 25 smd roundrect (at 6.55 -0.635) (size 2.05 0.6) (layers F.Cu F.Paste F.Mask) (roundrect_rratio 0.25)
      (net 25 A11))
    (pad 26 smd roundrect (at 6.55 -1.905) (size 2.05 0.6) (layers F.Cu F.Paste F.Mask) (roundrect_rratio 0.25)
      (net 27 A9))
    (pad 27 smd roundrect (at 6.55 -3.175) (size 2.05 0.6) (layers F.Cu F.Paste F.Mask) (roundrect_rratio 0.25)
      (net 28 A8))
    (pad 28 smd roundrect (at 6.55 -4.445) (size 2.05 0.6) (layers F.Cu F.Paste F.Mask) (roundrect_rratio 0.25)
      (net 23 A13))
    (pad 29 smd roundrect (at 6.55 -5.715) (size 2.05 0.6) (layers F.Cu F.Paste F.Mask) (roundrect_rratio 0.25)
      (net 42 RA14))
    (pad 30 smd roundrect (at 6.55 -6.985) (size 2.05 0.6) (layers F.Cu F.Paste F.Mask) (roundrect_rratio 0.25)
      (net 43 RA17))
    (pad 31 smd roundrect (at 6.55 -8.255) (size 2.05 0.6) (layers F.Cu F.Paste F.Mask) (roundrect_rratio 0.25)
      (net 44 RA18))
    (pad 32 smd roundrect (at 6.55 -9.525) (size 2.05 0.6) (layers F.Cu F.Paste F.Mask) (roundrect_rratio 0.25)
      (net 6 +5V))
    (model ${KISYS3DMOD}/Package_SO.3dshapes/SSOP-32_11.305x20.495mm_P1.27mm.wrl
      (at (xyz 0 0 0))
      (scale (xyz 1 1 1))
      (rotate (xyz 0 0 0))
    )
  )

  (module Package_QFP:LQFP-32_7x7mm_P0.8mm (layer F.Cu) (tedit 5C1823C9) (tstamp 5DA4F778)
    (at 131.694 89.3521 90)
    (descr "LQFP, 32 Pin (https://www.nxp.com/docs/en/package-information/SOT358-1.pdf), generated with kicad-footprint-generator ipc_gullwing_generator.py")
    (tags "LQFP QFP")
    (path /5DA4951E)
    (attr smd)
    (fp_text reference U2 (at 0.06604 -0.14732 180) (layer F.SilkS)
      (effects (font (size 1 1) (thickness 0.15)))
    )
    (fp_text value MBC3 (at 0 5.88 90) (layer F.Fab)
      (effects (font (size 1 1) (thickness 0.15)))
    )
    (fp_line (start 3.31 3.61) (end 3.61 3.61) (layer F.SilkS) (width 0.12))
    (fp_line (start 3.61 3.61) (end 3.61 3.31) (layer F.SilkS) (width 0.12))
    (fp_line (start -3.31 3.61) (end -3.61 3.61) (layer F.SilkS) (width 0.12))
    (fp_line (start -3.61 3.61) (end -3.61 3.31) (layer F.SilkS) (width 0.12))
    (fp_line (start 3.31 -3.61) (end 3.61 -3.61) (layer F.SilkS) (width 0.12))
    (fp_line (start 3.61 -3.61) (end 3.61 -3.31) (layer F.SilkS) (width 0.12))
    (fp_line (start -3.31 -3.61) (end -3.61 -3.61) (layer F.SilkS) (width 0.12))
    (fp_line (start -3.61 -3.61) (end -3.61 -3.31) (layer F.SilkS) (width 0.12))
    (fp_line (start -3.61 -3.31) (end -4.925 -3.31) (layer F.SilkS) (width 0.12))
    (fp_line (start -2.5 -3.5) (end 3.5 -3.5) (layer F.Fab) (width 0.1))
    (fp_line (start 3.5 -3.5) (end 3.5 3.5) (layer F.Fab) (width 0.1))
    (fp_line (start 3.5 3.5) (end -3.5 3.5) (layer F.Fab) (width 0.1))
    (fp_line (start -3.5 3.5) (end -3.5 -2.5) (layer F.Fab) (width 0.1))
    (fp_line (start -3.5 -2.5) (end -2.5 -3.5) (layer F.Fab) (width 0.1))
    (fp_line (start 0 -5.18) (end -3.3 -5.18) (layer F.CrtYd) (width 0.05))
    (fp_line (start -3.3 -5.18) (end -3.3 -3.75) (layer F.CrtYd) (width 0.05))
    (fp_line (start -3.3 -3.75) (end -3.75 -3.75) (layer F.CrtYd) (width 0.05))
    (fp_line (start -3.75 -3.75) (end -3.75 -3.3) (layer F.CrtYd) (width 0.05))
    (fp_line (start -3.75 -3.3) (end -5.18 -3.3) (layer F.CrtYd) (width 0.05))
    (fp_line (start -5.18 -3.3) (end -5.18 0) (layer F.CrtYd) (width 0.05))
    (fp_line (start 0 -5.18) (end 3.3 -5.18) (layer F.CrtYd) (width 0.05))
    (fp_line (start 3.3 -5.18) (end 3.3 -3.75) (layer F.CrtYd) (width 0.05))
    (fp_line (start 3.3 -3.75) (end 3.75 -3.75) (layer F.CrtYd) (width 0.05))
    (fp_line (start 3.75 -3.75) (end 3.75 -3.3) (layer F.CrtYd) (width 0.05))
    (fp_line (start 3.75 -3.3) (end 5.18 -3.3) (layer F.CrtYd) (width 0.05))
    (fp_line (start 5.18 -3.3) (end 5.18 0) (layer F.CrtYd) (width 0.05))
    (fp_line (start 0 5.18) (end -3.3 5.18) (layer F.CrtYd) (width 0.05))
    (fp_line (start -3.3 5.18) (end -3.3 3.75) (layer F.CrtYd) (width 0.05))
    (fp_line (start -3.3 3.75) (end -3.75 3.75) (layer F.CrtYd) (width 0.05))
    (fp_line (start -3.75 3.75) (end -3.75 3.3) (layer F.CrtYd) (width 0.05))
    (fp_line (start -3.75 3.3) (end -5.18 3.3) (layer F.CrtYd) (width 0.05))
    (fp_line (start -5.18 3.3) (end -5.18 0) (layer F.CrtYd) (width 0.05))
    (fp_line (start 0 5.18) (end 3.3 5.18) (layer F.CrtYd) (width 0.05))
    (fp_line (start 3.3 5.18) (end 3.3 3.75) (layer F.CrtYd) (width 0.05))
    (fp_line (start 3.3 3.75) (end 3.75 3.75) (layer F.CrtYd) (width 0.05))
    (fp_line (start 3.75 3.75) (end 3.75 3.3) (layer F.CrtYd) (width 0.05))
    (fp_line (start 3.75 3.3) (end 5.18 3.3) (layer F.CrtYd) (width 0.05))
    (fp_line (start 5.18 3.3) (end 5.18 0) (layer F.CrtYd) (width 0.05))
    (fp_text user %R (at 0 0 90) (layer F.Fab)
      (effects (font (size 1 1) (thickness 0.15)))
    )
    (pad 1 smd roundrect (at -4.175 -2.8 90) (size 1.5 0.5) (layers F.Cu F.Paste F.Mask) (roundrect_rratio 0.25)
      (net 22 A14))
